meanorigin <- c(3.097556,2.891752,3.036793,3.054854,3.332335,3.372771,3.104252,3.108089,3.177228,3.286148,3.18811,3.129275,2.883658,3.172307,3.231096,2.09729,3.449032,3.237759,2.759723,3.130432,3.095301,3.300194,3.174906,3.457544,3.005747,3.262978,2.614712,3.092993,3.313446,3.116054,2.57023,3.455167,3.511363,3.178809,3.144754,2.83437,3.109395,3.685789,3.01077,3.024385,3.235081,2.943418,2.740384,2.839844,3.193746,2.77599,3.056693,3.033801,2.760648,2.363517,2.735236,3.115353,2.99748,3.343816,2.860882,2.940676,3.54013,3.310451,3.199327,2.910229,3.07609,3.579939,3.157838,3.150537,3.006207,3.227735,3.058106,3.031693,3.034131,3.127346,2.874999,3.268004,3.13627,3.145229,2.944998,3.026176,2.735312,2.596134,3.172846,3.200926,3.314302,2.579966,3.041626,2.912639,2.75602,3.347383,3.58038,2.448919,2.934101,3.002292,3.202442,3.210588,2.097001,3.337739,2.358294,3.38713,4.112744,3.331386,2.29925,2.906776)
medorigin <- c(3.010432,2.79166,3.003897,2.91601,3.233788,3.240704,3.069128,3.014007,3.078119,3.184123,3.066571,3.040577,2.835906,3.056658,3.141484,1.978433,3.325615,3.143128,2.674592,3.019794,2.996686,3.192524,3.079747,3.312791,2.870118,3.174764,2.539511,2.960362,3.149543,2.994006,2.481515,3.317117,3.394052,3.058188,3.063942,2.728409,3.006323,3.531645,2.91285,2.892103,3.10635,2.78535,2.589585,2.736294,3.093091,2.724126,2.981095,2.957406,2.686105,2.262481,2.66371,3.02127,2.954901,3.230765,2.744221,2.790493,3.40309,3.19363,3.050138,2.805927,3.004425,3.445877,3.06777,3.106816,2.903465,3.147555,2.994399,2.972388,3.006157,3.029376,2.802465,3.176312,3.029772,3.09403,2.897691,2.92993,2.664573,2.506326,3.050309,3.090056,3.197362,2.474042,2.933443,2.779498,2.675175,3.246191,3.426388,2.302074,2.903923,2.948447,3.133856,3.133737,2.04401,3.200914,2.204382,3.222572,3.975682,3.260386,2.140974,2.809485)
loworigin <- c(2.608446,2.580206,2.822095,2.485698,2.620771,2.769351,2.990465,2.743488,2.795821,2.816849,2.589844,2.720116,2.676504,2.768686,2.948758,1.268675,2.861473,2.828803,2.303734,2.626383,2.648878,2.775608,2.785052,2.811102,2.258626,2.765036,2.058943,2.256773,2.718035,2.502525,2.228494,2.880308,2.825952,2.470055,2.850079,2.324782,2.660315,2.852279,2.469368,2.090498,2.502679,1.665047,1.877939,2.528478,2.612261,2.454489,2.698752,2.777483,2.449071,1.827082,2.276638,2.834813,2.786051,2.687553,2.333821,2.150184,2.833454,2.735679,2.544393,2.358334,2.833399,2.919979,2.662748,2.933273,2.262163,2.893706,2.842944,2.79251,2.944226,2.632738,2.456069,2.985709,2.529985,2.92808,2.738304,2.689473,2.522265,2.240146,2.545337,2.576797,2.764661,1.817331,2.497874,2.12793,2.405177,2.749114,2.220497,1.631324,2.744392,2.699989,2.97476,2.946375,1.848754,2.668236,1.395764,2.844097,3.01593,2.810967,1.380871,2.276629)
highorigin <- c(3.796743,3.531742,3.319979,4.053092,4.271542,4.335162,3.322349,3.790641,3.882926,4.061792,4.1056,3.78681,3.231567,3.904606,3.777509,3.216922,4.425415,3.974769,3.454269,3.935751,3.785065,4.088966,3.830832,4.442469,4.064863,4.027579,3.338841,4.326821,4.341298,4.058448,3.154343,4.420121,4.509594,4.165731,3.679347,3.596365,3.84444,4.936729,3.808575,4.248981,4.260524,4.595671,3.889255,3.463533,4.002829,3.206747,3.649534,3.53013,3.295928,3.174568,3.335419,3.654519,3.332651,4.294665,3.69939,4.116252,4.657709,4.154431,4.285443,3.660094,3.524062,4.584911,3.879864,3.47023,3.876155,3.768481,3.472293,3.445248,3.207097,3.889317,3.430894,3.864496,4.034458,3.53117,3.325304,3.675448,3.170204,3.206631,4.081443,4.097236,4.212567,3.619466,3.830288,4.09751,3.319798,4.268059,5.084547,3.605546,3.185595,3.433007,3.646416,3.734148,2.488448,4.326173,3.723813,4.44874,5.48085,4.032978,3.589407,3.765099)
trueorigin <- c(2.9565951808154436,2.9566591620247453,2.9977459041777195,2.9810851958366076,2.964526086231423,2.985298800168568,2.993371087511735,2.97786839726429,2.991149482943425,2.9851516082083367,2.971233950360154,2.9944405540887202,2.8688781223768602,2.88046902062408,2.9951716146048892,2.973739603994005,2.965502280584025,2.9890288601692316,2.974663705941499,2.9699584997235204,2.98537817435788,2.987092186638872,2.9938517999763956,2.9956202748722385,2.978234684840979,2.9375951060667735,2.99802761851182,2.9949440784660437,2.995310959946979,2.9815151545809075,2.881935468616019,2.9018842826744287,2.9909652014195873,2.9871632870228306,2.999870984982618,2.954154074039349,2.9999928107640024,2.9445411122406315,2.9902215371890817,2.957148458704577,2.98538590123156,2.9939029826089008,2.8392981766670187,2.8969873115200913,2.9520164312739894,2.995767707246797,2.9990648322326945,2.867631562852404,2.643896596152598,2.974855606345515,2.9989436602707285,2.9893992204846804,2.9989730409672144,2.9885957438988675,2.981270190588527,2.9858431265250798,2.97094386644138,2.983390764330528,2.967149947842664,2.999859725309302,2.9936169429754496,2.9939559754393215,2.931563557765664,2.998165075030686,2.967447617465475,2.991359931096393,2.923066392678944,2.947670248762579,2.9902048155080556,2.9970070045971093,2.9974848965314207,2.9940645473169307,2.9320788182106448,2.9660995022984054,2.88514081632464,2.9113562001308964,2.787711490975214,2.9974550926370416,2.9914391379921783,2.998781125786135,2.9824274550839265,2.9857872644523473,2.9714754384367814,2.9271233026559207,2.9978883308601736,2.9326237078280255,2.960849027564291,2.7950233545518,2.96177104315051,2.994429382503492,2.9989623572326125,2.979885833679395,2.997672871413664,2.994437759138856,2.709541492672312,2.944735756146176,2.9895069070647193,2.9993030611554654,2.8300002760212557,2.749677786882512)
errorigin <- abs(medorigin - trueorigin)/trueorigin
biasorigin <- (medorigin - trueorigin)/trueorigin
widthorigin <- (highorigin - loworigin)/trueorigin
accurorigin <- loworigin <= trueorigin & highorigin >= trueorigin
median(meanorigin)
median(medorigin)
median(errorigin)
median(biasorigin)
median(widthorigin)
sum(accurorigin == TRUE)
length(trueorigin)
sum(accurorigin == TRUE)/length(trueorigin)
meantreeHeight <- c(2.770241,2.594462,2.903546,2.587799,2.912595,2.917117,2.992159,2.799317,2.840088,2.918469,2.742289,2.794419,2.729413,2.797127,2.951285,1.631902,3.015155,2.8896,2.432668,2.756706,2.756704,2.918567,2.843753,2.990803,2.523038,2.925301,2.308473,2.561778,2.815796,2.700053,2.292429,2.977403,3.05489,2.735065,2.865658,2.467404,2.751975,3.09789,2.641073,2.510363,2.780534,2.297093,2.272335,2.532039,2.824923,2.581392,2.774469,2.798326,2.502784,1.97805,2.448449,2.836253,2.835203,2.887851,2.474682,2.360298,3.03036,2.882819,2.698171,2.53016,2.851332,3.065122,2.799773,2.986208,2.583514,2.968861,2.844709,2.82632,2.945531,2.770084,2.61379,2.9892,2.732526,2.966131,2.759636,2.728784,2.522637,2.30073,2.712284,2.782371,2.890597,2.11351,2.644121,2.383859,2.479155,2.931895,3.020764,1.963129,2.813037,2.795815,2.978406,2.964714,1.898776,2.854971,1.833133,2.847261,3.477292,3.017413,1.753082,2.507793)
medtreeHeight <- c(2.749798,2.580111,2.885014,2.573532,2.901905,2.899974,2.99023,2.743218,2.795821,2.903044,2.711286,2.787781,2.717792,2.77913,2.948726,1.604749,3.005398,2.856371,2.423951,2.74343,2.749382,2.911756,2.837314,2.98665,2.503776,2.917177,2.293423,2.531305,2.789741,2.689571,2.269315,2.967823,3.042685,2.731908,2.850068,2.45188,2.746688,3.086007,2.632847,2.481704,2.762503,2.225465,2.214638,2.528187,2.815843,2.577471,2.752754,2.777273,2.492869,1.961986,2.441503,2.834611,2.790497,2.877133,2.453678,2.348959,3.024237,2.875102,2.691335,2.516665,2.833305,3.057922,2.790537,2.977544,2.570279,2.960818,2.842473,2.792378,2.944076,2.766645,2.606708,2.985607,2.697953,2.958581,2.737568,2.68908,2.522189,2.295098,2.700341,2.773021,2.880106,2.100202,2.630027,2.361388,2.456683,2.923506,2.932627,1.928598,2.809369,2.788802,2.974599,2.946372,1.888658,2.843481,1.791611,2.843775,3.454983,3.007243,1.705942,2.498963)
